REDEVOERING. 259

worden ‚ 1116 rokensohap 11611 361611 , 6606116616 1611 116 16160611160111, 1161116
116 Aristotelische 1001616111113611 20 66611611 1163611063 60111161· beperking
heeft doen 116616011611 , 611 1611 andere 1611 116 001616οᾶ13116111 , 1161 61 - 111
1116611111 1611 116 1101066616 611111111660116 kannis , 1116 111 1161 16110ορ 1611 111611
11111 1161-11 1611116366 , 11161 6116611 11001 ορ66116111116 proefneming , 111661· 0011
611 100161 door 116 1001136611116 uitbreiding 1611 011161116111 , 1161161611 611
landbouw ‚ —- 1161 61 , 663 ik ‚ 016116360616611116 1111 61166 , 11161 1001 1161
6111116 1161 1¹7¹ie 661111 begrippen 6603666116 de zamenstelling 1161· 0616616101-
fen 061610ηά611 , 1116 11161 116 onze 0011 maur 6601361111616 01616611110111611.
Ten 6111116 1116 00166611 16 11111160 , 16 1161 11001113, 1161 uitgangspunt 1611
116 1661 1161 1161 616111661611 111661 ορ6611611111 111 00366601101111 16 nemen.
Η61 116111 116 6661160111, 1161 Aristoteles in 116 6116116 6663611661116 1100111611
116 eigenschappen 1161 1136116111611 op 11611 10013101111 61611, 611 11116 , 61611 616
1111, 11113661 1611 116 36116611101111113611 1116 116 61616136111116 1166106161113 op-
116111. Μ661· 011111111116111111 11661116 161131 1161 1616111111 1666011611 116 011116 611
116 163601100111136 11616611166611011111113 6611 61011 16 openbaren ‚ 611 6611611160
61611 11116 116 1163611. Η61 1616111111 1116601160 11666 11166 1163611 11611 66111011·
1113 aldus worden nangeduidz 116 66116 loopt ‚ 616 1161 11616 , 101111 op 1161
terrain 1611 116 onmiddollijke 36116611101111113611 , 1116 116 11661060161 ondet-
1111111, 116 61111616 1166111 600 s'poedig mogelijk 11661 111111611. Wj 1161611 ,
1161 6611 1130116616 1161166111 16 door al 611116 eigeneohappen , 1161 16, door 61
'de kraohten 116611611 1161 116 661611116616 16 , 611 1111 61111611 36611 00111661
1611611 over 61111611 66111 , 11611116 100161 6001661 1603611111 1611 1116 1116011166
16 hebben 1661611 1161111611. Wij 36611 616 1161 11616 0111 116 6101 116611 , 1611
6111116 11661· 1611 6116 61111611 16 beschouwen ‚ 611 beperken 0116 3661166106 101
116 001111111161111116 36116611101111113611 , 1116 611 1111 116 1166111οωί63 111 0116 op·

· 116111. 1111636011661 1166110611611 1111 deza ‚ 11661 611 61116611611111 61111 1611

11611 1066161111 11661111 1111 6611611 0116 1161161166 , 611 1111 1111 61161103 1161611 ,
1161 611 16611 „door 6661· 00116660111116 eigenwhappen 1161 113011610611 worden
bepaald. 0111 6611 10011166Ιά 16 1106111611 , 1161 1166611 1611 1161 301111 16 1001·
0116 11161 36163611 111 611116 1166116 1116111, 61111 316116, 611116 61166116, 611116 -
1106111661116111 611 1161 11166 111661· 6111 1111 11611611 0116611611111 611 11161 11611661·
61111 11611611 11611 1111113 116661· indrukken , wij 61611611 1161 301111 objectio? 1001
0116 , hezion 1161 1611 6116 61111611 611 1111111611 600 , 100111111161111 61161161161611116
33*

